642722
647819
501497
513475
501682
645049
666899
654713
501854
672758
647094
501448
640926
Error
Not found
512905
667561
506138
1471461
Not found
666493
780447
501655
647623
1470992
676917
674457
1433393
502008
1557351
669531
675391
644951
654441
656047
778779
780697
780991
641605
1207180
1371864
1481699
661681
671686
778612
780737
665340
781080
781080
665042
780745
671127
1457434
1434028
642535
674384
780227
640605
779469
668538
1406997
Not found
779763
510882
Not found
780101
649824
649797
502701
661016
666951
780657
780657
1403140
779756
509866
666866
668509
Not found
Not found
1482532
Not found
501755
501248
1297840
1313641
642072
501786
646860
671133
656684
664677
649255
Not found
502009
674080
653109
Not found
502601
501826
Not found
507139
1102874
Not found
663573
665404
665404
Not found
1421224
1283807
Not found
667903
675744
501999
656445
1496340
1408133
641932
668272
641932
643506
641072
641072
671857
1310843
1310843
1310843
500736
640632
649117
645436
676474
501422
501469
671629
504550
504341
504341
674705
654368
675521
675521
501323
501323
670948
667697
1283887
501354
1184574
666414
1317180
643854
643854
1314394
1394642
1295760
1397801
1485294
645683
1215295
1479064
1537394
780876
676395
507139
1283789
673051
673051
676182
643122
644344
644344
648154
647569
504953
780013
780013
664617
641722
652769
667583
667687
667583
667687
667687
672630
677138
645845
1312090
781294
651731
Not found
648168
648168
676448
1566456
1312102
1291004
649472
1184598
646736
654175
647569
676636
676636
676636
661823
653093
671456
671456
676175
676692
673745
673028
501629
666866
507788
Not found
1303746
644044
644038
668851
663966
663965
667259
673060
1310734
647307
671005
669818
663108
780633
780633
644063
660358
780026
644965
780826
644668
660721
647056
644668
646991
646991
651820
676766
501629
501983
664520
1310792
655590
664731
641552
671009
702742
663502
663502
1434175
503064
641134
641134
676592
664566
667497
666643
667497
Not found
644383
666265
501296
Not found
1395199
665757
1405294
665887
675010
Not found
Not found
662035
657814
1400355
643978
500592
Not found
1400885
1400893
501268
1215311
1398278
501252
1398278
Not found
641211
1371002
Not found
1315818
667084
Not found
640534
1515597
Not found
1448323
501308
677075
641145
501333
650911
779260
778782
658954
780809
780978
673648
673648
1571245
652923
644545
644545
644545
Not found
675185
512089
510970
502036
666329
666329
666329
658023
674339
501239
779022
643859
676386
780284
666437
649759
649759
501535
501535
674334
1491712
1422824
644346
644346
665380
505240
662926
640996
641261
640168
668064
641261
662926
640986
513559
513559
662698
640227
505926
1475717
Not found
Not found
501398
642165
643692
503154
654768
501364
641205
654768
663667
675525
652425
652425
500780
500773
Not found
500780
500773
1479477
1479477
641896
640572
664993
1540339
676374
667404
1478228
655929
Not found
669197
644389
Not found
501828
663297
666248
502169
501927
501927
642567
502659
642489
640283
Not found
641145
658715
642572
1443264
675358
671226
643781
664222
667878
1515634
640298
668998
668998
668226
1426460
660786
653166
1394084
1539451
663651
1408786
1424690
648152
149074
